10% 
all GuessFrequency [4, 5, 4, 5, 5, 4, 4, 5, 5, 4, 4, 4, 4, 5, 5, 4, 4, 5, 2, 5, 5, 5, 5, 4, 4, 5, 5, 5, 4, 5] 
sum of GuessFrequency 134 
average of GuessFrequency 4.466666666666667 
======================================================================= 
all GuessTimeList [4.0, 16.0, 14.0, 17.0, 9.0, 12.0, 4.0, 20.0, 13.0, 9.0, 8.0, 13.0, 7.0, 19.0, 18.0, 2.0, 6.0, 9.0, 7.0, 7.0, 13.0, 20.0, 13.0, 6.0, 5.0, 21.0, 18.0, 18.0, 10.0, 7.0] 
sum of GuessTimeList 345.0 
average of GuessTimeList 11.5 
======================================================================= 
======================================================================= 
20% 
all GuessFrequency [4, 4, 5, 4, 5, 4, 4, 5, 4, 4, 5, 4, 5, 4, 4, 4, 5, 5, 4, 3, 4, 5, 4, 4, 4, 5, 4, 4, 4, 4] 
sum of GuessFrequency 128 
average of GuessFrequency 4.266666666666667 
======================================================================= 
all GuessTimeList [17.0, 19.0, 23.0, 4.0, 20.0, 7.0, 10.0, 23.0, 14.0, 15.0, 19.0, 5.0, 10.0, 15.0, 9.0, 8.0, 19.0, 10.0, 5.0, 17.0, 3.0, 10.0, 14.0, 12.0, 11.0, 35.0, 39.0, 28.0, 29.0, 45.0] 
sum of GuessTimeList 495.0 
average of GuessTimeList 16.5 
======================================================================= 
======================================================================= 
30% 
all GuessFrequency [4, 5, 5, 5, 5, 6, 4, 5, 4, 5, 5, 4, 4, 5, 5, 5, 5, 5, 5, 4, 4, 4, 5, 5, 5, 4, 5, 4, 5, 4] 
sum of GuessFrequency 140 
average of GuessFrequency 4.666666666666667 
======================================================================= 
all GuessTimeList [35.0, 27.0, 14.0, 9.0, 11.0, 22.0, 5.0, 11.0, 16.0, 37.0, 44.0, 10.0, 9.0, 32.0, 20.0, 37.0, 13.0, 38.0, 23.0, 4.0, 9.0, 9.0, 9.0, 28.0, 50.0, 35.0, 37.0, 13.0, 39.0, 20.0] 
sum of GuessTimeList 666.0 
average of GuessTimeList 22.2 
======================================================================= 
======================================================================= 
37% 
all GuessFrequency [5, 5, 6, 5, 2, 5, 5, 4, 5, 5, 5, 5, 4, 4, 6, 5, 5, 5, 4, 2, 4, 3, 5, 4, 5, 5, 4, 4, 4, 4] 
sum of GuessFrequency 134 
average of GuessFrequency 4.466666666666667 
======================================================================= 
all GuessTimeList [43.0, 44.0, 48.0, 24.0, 4.0, 10.0, 17.0, 2.0, 14.0, 21.0, 18.0, 11.0, 10.0, 20.0, 52.0, 16.0, 23.0, 43.0, 36.0, 10.0, 33.0, 22.0, 38.0, 43.0, 42.0, 29.0, 20.0, 18.0, 19.0, 14.0] 
sum of GuessTimeList 744.0 
average of GuessTimeList 24.8 
======================================================================= 
======================================================================= 
40% 
all GuessFrequency [5, 5, 3, 5, 5, 5, 3, 4, 5, 3, 5, 5, 4, 5, 5, 4, 5, 4, 4, 4, 5, 4, 5, 5, 4, 5, 5, 5, 5, 4] 
sum of GuessFrequency 135 
average of GuessFrequency 4.5 
======================================================================= 
all GuessTimeList [26.0, 23.0, 44.0, 53.0, 24.0, 14.0, 17.0, 4.0, 18.0, 3.0, 45.0, 48.0, 14.0, 19.0, 46.0, 12.0, 24.0, 8.0, 13.0, 16.0, 22.0, 4.0, 7.0, 16.0, 9.0, 6.0, 15.0, 16.0, 16.0, 15.0] 
sum of GuessTimeList 597.0 
average of GuessTimeList 19.9 
======================================================================= 
======================================================================= 
50% 
all GuessFrequency [5, 4, 5, 4, 6, 4, 5, 6, 5, 5, 5, 5, 4, 5, 5, 5, 5, 4, 4, 5, 4, 4, 4, 5, 4, 5, 5, 5, 4, 5] 
sum of GuessFrequency 141 
average of GuessFrequency 4.7 
======================================================================= 
all GuessTimeList [17.0, 5.0, 8.0, 14.0, 17.0, 5.0, 16.0, 23.0, 20.0, 8.0, 15.0, 8.0, 13.0, 10.0, 14.0, 18.0, 19.0, 9.0, 17.0, 16.0, 14.0, 9.0, 9.0, 20.0, 10.0, 10.0, 19.0, 17.0, 16.0, 15.0] 
sum of GuessTimeList 411.0 
average of GuessTimeList 13.7 
======================================================================= 
======================================================================= 
60% 
all GuessFrequency [6, 5, 4, 5, 4, 4, 5, 4, 5, 4, 4, 5, 5, 5, 5, 5, 5, 5, 6, 5, 5, 5, 4, 4, 4, 4, 5, 5, 4, 5] 
sum of GuessFrequency 141 
average of GuessFrequency 4.7 
======================================================================= 
all GuessTimeList [19.0, 17.0, 9.0, 20.0, 5.0, 15.0, 18.0, 4.0, 6.0, 7.0, 14.0, 15.0, 16.0, 17.0, 10.0, 15.0, 17.0, 17.0, 20.0, 8.0, 19.0, 7.0, 10.0, 9.0, 8.0, 17.0, 19.0, 18.0, 17.0, 21.0] 
sum of GuessTimeList 414.0 
average of GuessTimeList 13.8 
======================================================================= 
======================================================================= 
70% 
all GuessFrequency [5, 5, 5, 5, 5, 4, 4, 4, 5, 4, 5, 5, 4, 4, 4, 5, 5, 4, 4, 5, 4, 5, 4, 5, 5, 6, 4, 5, 5, 5] 
sum of GuessFrequency 139 
average of GuessFrequency 4.633333333333334 
======================================================================= 
all GuessTimeList [19.0, 20.0, 8.0, 17.0, 13.0, 10.0, 10.0, 2.0, 12.0, 4.0, 14.0, 4.0, 4.0, 10.0, 6.0, 10.0, 11.0, 6.0, 10.0, 11.0, 3.0, 10.0, 3.0, 12.0, 11.0, 13.0, 5.0, 4.0, 10.0, 7.0] 
sum of GuessTimeList 279.0 
average of GuessTimeList 9.3 
======================================================================= 
======================================================================= 
80% 
all GuessFrequency [4, 5, 5, 4, 5, 5, 5, 5, 5, 6, 4, 5, 3, 5, 5, 5, 4, 5, 5, 5, 5, 4, 5, 5, 4, 4, 4, 5, 4, 4] 
sum of GuessFrequency 139 
average of GuessFrequency 4.633333333333334 
======================================================================= 
all GuessTimeList [10.0, 10.0, 12.0, 3.0, 11.0, 6.0, 11.0, 4.0, 11.0, 13.0, 4.0, 11.0, 6.0, 11.0, 12.0, 10.0, 6.0, 10.0, 4.0, 6.0, 9.0, 10.0, 4.0, 12.0, 4.0, 4.0, 11.0, 9.0, 5.0, 6.0] 
sum of GuessTimeList 245.0 
average of GuessTimeList 8.166666666666666 
======================================================================= 
======================================================================= 
90% 
all GuessFrequency [5, 5, 5, 6, 4, 5, 3, 5, 4, 6, 5, 5, 4, 5, 5, 5, 4, 4, 5, 5, 5, 4, 5, 5, 5, 5, 5, 4, 4, 4] 
sum of GuessFrequency 141 
average of GuessFrequency 4.7 
======================================================================= 
all GuessTimeList [13.0, 12.0, 8.0, 13.0, 10.0, 11.0, 11.0, 14.0, 3.0, 14.0, 11.0, 7.0, 8.0, 8.0, 16.0, 11.0, 3.0, 9.0, 16.0, 9.0, 16.0, 8.0, 15.0, 17.0, 12.0, 14.0, 13.0, 5.0, 14.0, 4.0] 
sum of GuessTimeList 325.0 
average of GuessTimeList 10.833333333333334 
======================================================================= 
======================================================================= 
100% 
all GuessFrequency [5, 5, 5, 5, 4, 4, 5, 5, 5, 4, 4, 4, 5, 4, 5, 4, 5, 4, 4, 5, 4, 4, 4, 5, 4, 5, 5, 4, 5, 6] 
sum of GuessFrequency 137 
average of GuessFrequency 4.566666666666666 
======================================================================= 
all GuessTimeList [13.0, 4.0, 13.0, 9.0, 5.0, 9.0, 10.0, 12.0, 10.0, 6.0, 10.0, 6.0, 4.0, 9.0, 9.0, 10.0, 7.0, 9.0, 4.0, 11.0, 11.0, 3.0, 9.0, 10.0, 9.0, 5.0, 10.0, 3.0, 11.0, 12.0] 
sum of GuessTimeList 253.0 
average of GuessTimeList 8.433333333333334 
======================================================================= 
======================================================================= 
0% 
all GuessFrequency [13, 6, 6, 10, 4, 4, 4, 8, 5, 7, 6, 7, 5, 6, 9, 7, 6, 6, 7, 5, 6, 3, 3, 4, 8, 10, 8, 9, 6, 8] 
sum of GuessFrequency 196 
average of GuessFrequency 6.533333333333333 
======================================================================= 
all GuessTimeList [0.0, 0.0, 0.0, 0.0, 0.0, 0.0, 0.0, 0.0, 0.0, 0.0, 0.0, 0.0, 0.0, 0.0, 0.0, 0.0, 0.0, 0.0, 0.0, 0.0, 0.0, 0.0, 0.0, 0.0, 0.0, 0.0, 0.0, 0.0, 0.0, 0.0] 
sum of GuessTimeList 0.0 
average of GuessTimeList 0.0 
======================================================================= 
======================================================================= 
